20240101000000000000000000000
20240102111111111111111111111
20240103222222222222222222222
20240104333333333333333333333
20240105444444444444444444444
20240106555555555555555555555
20240107666666666666666666666
20240108777777777777777777777
20240109888888888888888888888
20240110999999999999999999999
20240111000000000000000000000
20240112111111111111111111111
20240113222222222222222222222
20240114333333333333333333333
20240115444444444444444444444
20240116555555555555555555555
20240117666666666666666666666
20240118777777777777777777777
20240119888888888888888888888
20240120999999999999999999999
20240121000000000000000000000
20240122111111111111111111111
20240123222222222222222222222
20240124333333333333333333333
20240125444444444444444444444
20240126555555555555555555555
20240127666666666666666666666
20240128777777777777777777777
20240129888888888888888888888
20240130999999999999999999999
20241231888888888888888888888
20241231555555555555555555555
20241231555555555555555555555
20241231999999999999999999999
20241231999999999999999999999
20241231777777777777777777777
20241231999999999999999999999
20241231666666666666666666666
20241231888888888888888888888
20241231555555555555555555555
20241231555555555555555555555
20241231777777777777777777777
20241231555555555555555555555
20241231555555555555555555555
20241231999999999999999999999
20241231999999999999999999999
20241231555555555555555555555
20241231999999999999999999999
20241231777777777777777777777
20241231888888888888888888888